4.700000000000000000e+01 0.000000000000000000e+00 0.000000000000000000e+00 -1.611932640422004915e+05
2.070000000000000000e+02 0.000000000000000000e+00 0.000000000000000000e+00 2.723972628939420101e+05
7.200000000000000000e+01 0.000000000000000000e+00 0.000000000000000000e+00 1.295782835827704286e+06
1.810000000000000000e+02 0.000000000000000000e+00 0.000000000000000000e+00 -1.487749420571650844e+05
2.500000000000000000e+02 0.000000000000000000e+00 0.000000000000000000e+00 4.899531171709806076e+05
1.900000000000000000e+01 0.000000000000000000e+00 0.000000000000000000e+00 -1.640202422782127978e+05
1.610000000000000000e+02 0.000000000000000000e+00 0.000000000000000000e+00 5.159189786104856175e+05
2.720000000000000000e+02 0.000000000000000000e+00 0.000000000000000000e+00 2.470943219348447747e+05
1.460000000000000000e+02 0.000000000000000000e+00 0.000000000000000000e+00 2.448906085727592581e+05
9.300000000000000000e+01 0.000000000000000000e+00 0.000000000000000000e+00 -1.669704033333678381e+05
9.100000000000000000e+01 0.000000000000000000e+00 0.000000000000000000e+00 -2.714836273941711988e+04
2.610000000000000000e+02 3.184597060093528125e+04 7.000000000000000000e+00 -3.077840430371958064e+03
1.680000000000000000e+02 0.000000000000000000e+00 0.000000000000000000e+00 7.294651017797146924e+05
1.980000000000000000e+02 0.000000000000000000e+00 0.000000000000000000e+00 4.975975190284456476e+05
1.350000000000000000e+02 0.000000000000000000e+00 0.000000000000000000e+00 -1.738604754964476451e+05
2.350000000000000000e+02 0.000000000000000000e+00 0.000000000000000000e+00 -2.504846236349560786e+04
2.700000000000000000e+02 0.000000000000000000e+00 0.000000000000000000e+00 -6.579279292588148382e+04
2.540000000000000000e+02 0.000000000000000000e+00 0.000000000000000000e+00 -2.327543479311144620e+05
1.950000000000000000e+02 0.000000000000000000e+00 0.000000000000000000e+00 1.373103263469961938e+06
1.340000000000000000e+02 0.000000000000000000e+00 0.000000000000000000e+00 -1.092046013836797501e+05
2.200000000000000000e+01 0.000000000000000000e+00 0.000000000000000000e+00 -1.220960805503898882e+05
2.010000000000000000e+02 0.000000000000000000e+00 0.000000000000000000e+00 -1.453679455725117296e+05
5.800000000000000000e+01 2.043594881545875687e+05 1.000000000000000000e+00 -1.845595182134897914e+04
4.000000000000000000e+01 3.101456822816788190e+04 7.000000000000000000e+00 -2.305482709077310938e+04
1.430000000000000000e+02 0.000000000000000000e+00 0.000000000000000000e+00 9.225172115860569756e+05
1.080000000000000000e+02 0.000000000000000000e+00 0.000000000000000000e+00 -2.752327827593035181e+04
1.970000000000000000e+02 0.000000000000000000e+00 0.000000000000000000e+00 -1.726245561811009538e+05
1.120000000000000000e+02 0.000000000000000000e+00 0.000000000000000000e+00 -1.940675156656187028e+03
2.100000000000000000e+01 0.000000000000000000e+00 0.000000000000000000e+00 7.928220530192612205e+05
1.760000000000000000e+02 0.000000000000000000e+00 0.000000000000000000e+00 7.918667529534359928e+05
1.400000000000000000e+02 0.000000000000000000e+00 0.000000000000000000e+00 1.044555478562521166e+05
1.890000000000000000e+02 0.000000000000000000e+00 0.000000000000000000e+00 5.117896133511978551e+05
