3.819204514907633711e+04 1.169000000000000000e+03
6.386866890034679091e+04 8.940000000000000000e+02
3.061345491754672912e+04 1.666000000000000000e+03
6.414613060410038997e+03 9.520000000000000000e+03
6.442080735769592866e+04 1.011000000000000000e+03
7.012645704103544995e+04 9.390000000000000000e+02
1.710299565890310623e+04 2.659000000000000000e+03
1.265093035688077180e+04 3.866000000000000000e+03
8.834207855675889004e+04 8.810000000000000000e+02
1.676705516434841775e+04 3.673000000000000000e+03
1.177191615643788246e+05 6.780000000000000000e+02
2.384017940571398503e+04 1.974000000000000000e+03
2.081772367347006366e+04 2.944000000000000000e+03
1.100424789399490874e+04 5.056000000000000000e+03
4.735553916770418436e+04 1.014000000000000000e+03
1.832374315383750582e+04 2.108000000000000000e+03
1.430548411513639803e+04 2.127000000000000000e+03
6.587645546907516837e+04 7.460000000000000000e+02
1.551069896976222299e+04 2.398000000000000000e+03
4.229480841394987692e+03 1.040600000000000000e+04
4.451078511793586949e+04 1.194000000000000000e+03
1.453264302448904164e+04 2.961000000000000000e+03
2.318794029119892220e+05 3.070000000000000000e+02
5.600618555837291933e+04 1.173000000000000000e+03
1.521844321881884753e+04 2.442000000000000000e+03
4.205717083024574094e+04 1.418000000000000000e+03
2.456640322856323473e+04 3.043000000000000000e+03
4.010643847270587867e+04 1.044000000000000000e+03
9.921795196795766969e+03 5.879000000000000000e+03
1.388450671061517278e+04 3.310000000000000000e+03
5.047043935032794980e+04 1.542000000000000000e+03
1.149228668377370341e+05 5.760000000000000000e+02
1.068051339087699671e+04 6.058000000000000000e+03
2.018670414780117062e+04 1.506000000000000000e+03
5.428289351167394489e+04 1.373000000000000000e+03
8.325895246882287029e+04 9.920000000000000000e+02
2.488777183117881214e+04 2.483000000000000000e+03
5.800061859644855576e+04 8.790000000000000000e+02
5.605899102337971271e+04 1.116000000000000000e+03
1.518391109222928353e+05 5.570000000000000000e+02
1.353103095918585022e+05 4.930000000000000000e+02
4.434112909472345200e+04 7.730000000000000000e+02
1.276725228477148084e+04 3.150000000000000000e+03
1.165484460506991309e+04 3.079000000000000000e+03
8.031004143242807186e+04 6.180000000000000000e+02
9.964302379259155714e+04 6.890000000000000000e+02
2.927051430047790564e+04 1.817000000000000000e+03
3.736696366265964025e+04 2.037000000000000000e+03
2.682695742329208588e+04 2.865000000000000000e+03
3.640488858629261085e+04 1.400000000000000000e+03
1.645354495855727146e+04 3.105000000000000000e+03
2.521934012772401911e+04 2.335000000000000000e+03
6.265207350514462451e+04 7.290000000000000000e+02
6.112418708577785583e+04 1.102000000000000000e+03
4.190277703039313201e+04 9.090000000000000000e+02
1.261550033622624178e+05 5.430000000000000000e+02
3.929761529360062559e+04 1.407000000000000000e+03
2.369440697435751645e+04 2.916000000000000000e+03
1.476479940909559082e+04 4.019000000000000000e+03
1.002264791492011718e+05 7.750000000000000000e+02
1.586818133760952624e+05 4.370000000000000000e+02
7.229360236451684614e+04 6.310000000000000000e+02
4.758463996745384793e+04 1.069000000000000000e+03
1.782380597947158458e+04 3.094000000000000000e+03
2.479571037060094022e+04 1.403000000000000000e+03
1.101400127265765695e+04 5.306000000000000000e+03
3.043159251292761473e+04 1.862000000000000000e+03
9.473271368372163852e+04 6.710000000000000000e+02
8.667490935352041561e+03 6.036000000000000000e+03
4.328577863005659310e+04 1.360000000000000000e+03
1.281285247369429271e+05 3.990000000000000000e+02
1.082414263010966970e+05 8.380000000000000000e+02
1.120127815258472547e+05 5.080000000000000000e+02
2.393942075009663677e+04 2.117000000000000000e+03
2.139050005543289808e+04 2.473000000000000000e+03
1.400978809980216829e+04 3.557000000000000000e+03
5.169800508223057841e+04 1.151000000000000000e+03
4.424962816512888094e+04 1.115000000000000000e+03
6.325141426440326177e+04 9.440000000000000000e+02
5.845925048670650722e+04 9.540000000000000000e+02
9.215294356967149361e+04 6.810000000000000000e+02
1.252593810823857348e+04 3.109000000000000000e+03
2.609073315027511126e+04 1.737000000000000000e+03
5.561597899680185219e+04 9.790000000000000000e+02
1.049521089209296915e+05 7.640000000000000000e+02
6.085527848304808140e+04 8.890000000000000000e+02
2.503638252185587407e+04 1.541000000000000000e+03
2.739176381347017013e+04 2.339000000000000000e+03
1.278407298131691350e+05 4.090000000000000000e+02
4.442331998696808296e+04 1.294000000000000000e+03
5.912910923103995447e+04 1.281000000000000000e+03
1.011937550385188952e+05 6.560000000000000000e+02
1.226940559170913039e+05 5.410000000000000000e+02
6.843664676707460603e+04 7.010000000000000000e+02
8.778561493074423925e+04 7.730000000000000000e+02
7.776158931061248586e+04 9.020000000000000000e+02
4.811722819630127196e+04 1.219000000000000000e+03
1.343643916461212502e+05 5.280000000000000000e+02
6.652664198607386788e+04 7.540000000000000000e+02
7.637876893241962534e+04 7.660000000000000000e+02
7.273556430277680920e+04 5.950000000000000000e+02
1.369606911800811940e+04 3.557000000000000000e+03
2.206440037301430493e+04 2.385000000000000000e+03
1.093453341028758732e+05 7.400000000000000000e+02
1.624034708305207823e+04 3.294000000000000000e+03
1.270382739611275247e+04 2.980000000000000000e+03
5.073347452836154116e+04 1.503000000000000000e+03
8.889602851577462570e+04 1.226000000000000000e+03
4.963252832859977934e+04 9.830000000000000000e+02
1.696943753637743066e+04 3.008000000000000000e+03
8.285673569650494755e+03 5.840000000000000000e+03
7.209539035446886555e+04 7.360000000000000000e+02
1.042915228248071944e+05 8.470000000000000000e+02
1.929827216421280173e+05 3.100000000000000000e+02
4.420438861481891217e+04 1.439000000000000000e+03
3.108718449031370255e+04 1.593000000000000000e+03
5.731118500376471638e+04 9.660000000000000000e+02
1.010566267713882917e+04 2.947000000000000000e+03
1.806407658317865207e+04 1.972000000000000000e+03
3.836960186458438693e+04 1.481000000000000000e+03
4.441806511414417764e+04 1.250000000000000000e+03
5.201742198233011732e+04 8.650000000000000000e+02
5.747113793623608217e+04 7.740000000000000000e+02
6.971252892665071704e+04 7.090000000000000000e+02
7.011856110917995102e+04 7.150000000000000000e+02
5.233166533456344041e+04 1.112000000000000000e+03
3.120582507643285862e+04 1.608000000000000000e+03
3.868738505849167268e+04 1.603000000000000000e+03
5.304410417639272782e+04 8.030000000000000000e+02
3.400577563557383110e+04 1.089000000000000000e+03
8.591169383679574821e+03 4.736000000000000000e+03
3.246376628677620374e+03 1.101400000000000000e+04
1.049397867278991180e+05 4.800000000000000000e+02
7.822426050932006910e+04 9.880000000000000000e+02
5.020533720950495626e+04 1.210000000000000000e+03
1.150822421037386230e+05 4.700000000000000000e+02
9.967856210350924812e+04 5.240000000000000000e+02
2.931477187795376085e+04 1.721000000000000000e+03
4.419119863205265574e+04 1.192000000000000000e+03
1.471119569967742245e+04 3.393000000000000000e+03
1.241882626861626777e+05 5.280000000000000000e+02
2.819416391327142992e+04 1.356000000000000000e+03
2.399317371520187953e+04 2.614000000000000000e+03
1.162000159169651015e+05 6.840000000000000000e+02
5.984204451102760504e+04 7.890000000000000000e+02
6.351080380913332920e+04 8.040000000000000000e+02
1.159170738449739729e+05 6.650000000000000000e+02
1.470946652739643469e+05 5.980000000000000000e+02
3.829497653441846523e+03 1.008700000000000000e+04
6.470088676663708611e+04 7.390000000000000000e+02
1.934177287869755673e+04 2.111000000000000000e+03
3.180621756710782847e+03 2.038000000000000000e+04
5.944526533450071292e+04 1.260000000000000000e+03
2.436131706413746724e+04 1.919000000000000000e+03
3.952328765653214941e+04 1.388000000000000000e+03
8.183200180736109360e+03 7.633000000000000000e+03
1.264707807185059064e+05 5.640000000000000000e+02
5.951082323370436643e+04 9.460000000000000000e+02
1.615715659426171442e+04 2.147000000000000000e+03
1.526869681970783276e+05 3.870000000000000000e+02
3.295283512580760726e+04 1.520000000000000000e+03
5.617616634235739184e+04 7.120000000000000000e+02
2.833458392451602776e+04 1.785000000000000000e+03
3.450659426737473405e+04 1.266000000000000000e+03
1.832014791471287026e+04 2.036000000000000000e+03
3.137709419353009434e+04 1.867000000000000000e+03
7.262102547069746652e+04 6.330000000000000000e+02
1.274624952717370907e+05 5.470000000000000000e+02
2.989535525492686793e+04 2.051000000000000000e+03
9.754423728774028859e+03 4.955000000000000000e+03
1.022476835141372067e+04 5.285000000000000000e+03
3.219684453370533811e+04 1.746000000000000000e+03
8.987798644132839399e+04 5.830000000000000000e+02
6.962201824518758804e+04 8.940000000000000000e+02
2.815136762752295544e+04 2.288000000000000000e+03
5.066789302983479865e+04 1.178000000000000000e+03
3.253024942002907119e+04 1.062000000000000000e+03
5.132587500324429129e+04 8.570000000000000000e+02
2.563912923231990862e+04 1.774000000000000000e+03
2.545272280406281789e+04 1.472000000000000000e+03
9.321182272108877078e+04 7.050000000000000000e+02
1.722650051308469301e+03 2.425000000000000000e+04
6.084235382424879208e+04 1.207000000000000000e+03
4.056717715479483013e+04 1.392000000000000000e+03
5.788439187879146630e+04 8.320000000000000000e+02
1.627929518531637586e+04 2.438000000000000000e+03
2.437416598312397764e+04 2.093000000000000000e+03
6.754981273905256785e+03 5.493000000000000000e+03
1.366524303592556680e+05 5.540000000000000000e+02
1.894651007918986943e+04 2.567000000000000000e+03
1.086880213317494781e+05 8.580000000000000000e+02
3.524980156885345059e+04 1.431000000000000000e+03
3.319432608618486120e+04 1.652000000000000000e+03
9.166922025094247147e+03 7.795000000000000000e+03
7.447687821337515197e+04 9.460000000000000000e+02
1.487311860504937067e+04 3.815000000000000000e+03
6.366698721079428651e+04 1.147000000000000000e+03
2.303069304079662834e+04 2.616000000000000000e+03
5.318160492935278307e+04 1.243000000000000000e+03
3.063441201379402992e+04 1.529000000000000000e+03
3.102852400256276087e+04 1.029000000000000000e+03
5.191453102806826791e+04 1.305000000000000000e+03
1.203008323211985953e+04 3.027000000000000000e+03
3.272804125658246630e+04 1.367000000000000000e+03
4.542291199203034921e+04 1.048000000000000000e+03
4.822920634381970012e+04 1.325000000000000000e+03
1.032904173190480105e+04 4.199000000000000000e+03
3.847060537639969880e+03 9.509000000000000000e+03
5.227702032759697613e+04 1.374000000000000000e+03
7.431089977972508677e+03 9.202000000000000000e+03
3.471397984069340600e+04 1.329000000000000000e+03
5.755812828888707736e+04 1.052000000000000000e+03
3.211768269995993251e+04 1.872000000000000000e+03
7.884369723014284682e+04 7.980000000000000000e+02
1.260085586036194582e+05 4.680000000000000000e+02
3.505218962369218934e+04 1.880000000000000000e+03
9.467669603569510218e+04 7.710000000000000000e+02
2.824922830221359618e+04 1.750000000000000000e+03
2.501965701578604421e+04 2.670000000000000000e+03
2.102859927440437241e+04 2.370000000000000000e+03
7.872361784458777402e+04 6.990000000000000000e+02
1.419699452798787934e+04 2.676000000000000000e+03
5.892604468894281308e+04 1.385000000000000000e+03
6.278821245437103789e+04 8.870000000000000000e+02
2.545485048981021828e+04 2.053000000000000000e+03
1.602179476088090451e+05 4.370000000000000000e+02
2.856761122323227028e+03 9.043000000000000000e+03
3.293931975843130203e+04 1.382000000000000000e+03
9.241225561116836616e+04 8.210000000000000000e+02
1.665386354985239086e+04 4.822000000000000000e+03
4.998991693664856575e+04 1.010000000000000000e+03
3.706163889434737939e+04 1.619000000000000000e+03
6.419512756469604938e+04 9.060000000000000000e+02
1.917458518097397973e+04 2.767000000000000000e+03
1.316139849663385248e+05 5.180000000000000000e+02
1.103718475398014380e+04 3.428000000000000000e+03
2.189385202899094656e+04 1.999000000000000000e+03
7.721600404487505148e+04 5.560000000000000000e+02
5.832591885427298257e+04 8.080000000000000000e+02
8.760650021902351000e+03 4.574000000000000000e+03
1.341908338886573329e+05 5.050000000000000000e+02
4.065020542590189143e+04 1.699000000000000000e+03
6.308190066038736404e+04 7.900000000000000000e+02
3.141371622143966306e+04 1.569000000000000000e+03
9.380690681846710504e+04 5.640000000000000000e+02
8.454007855219299381e+04 8.320000000000000000e+02
7.102618596774857724e+04 7.970000000000000000e+02
1.352565051906650115e+04 3.785000000000000000e+03
2.206797465945669683e+04 2.048000000000000000e+03
6.635611046166696178e+04 9.500000000000000000e+02
1.135818922099309020e+04 4.453000000000000000e+03
3.762213889764365740e+04 1.784000000000000000e+03
6.877238990789698437e+04 5.670000000000000000e+02
4.540745973577717086e+04 1.134000000000000000e+03
1.008697680741378463e+04 5.722000000000000000e+03
6.831786874489381444e+04 7.020000000000000000e+02
4.507887136739574089e+03 8.141000000000000000e+03
6.849495974480098812e+04 1.181000000000000000e+03
7.583964026762265712e+04 8.010000000000000000e+02
4.373077275774438749e+04 1.101000000000000000e+03
1.240398278885314649e+05 5.310000000000000000e+02
3.462742043442898284e+04 1.481000000000000000e+03
6.792825943487671611e+04 7.860000000000000000e+02
1.386208107367950724e+05 5.170000000000000000e+02
3.903399588471863535e+04 1.345000000000000000e+03
4.173433302526620537e+04 1.110000000000000000e+03
5.956358069223193161e+04 9.720000000000000000e+02
7.737906563283018841e+03 7.910000000000000000e+03
2.366189106968942724e+04 2.259000000000000000e+03
8.163393493441543251e+04 6.630000000000000000e+02
1.953533423404087080e+04 1.680000000000000000e+03
1.702318470048349991e+05 5.190000000000000000e+02
6.839384896172807203e+04 1.360000000000000000e+03
4.844981763076066272e+04 9.730000000000000000e+02
5.935891307497848902e+04 7.320000000000000000e+02
5.049964129852899350e+04 1.340000000000000000e+03
1.890018690812325440e+04 2.212000000000000000e+03
3.309363583224752074e+04 2.263000000000000000e+03
