2.120000000000000000e+02 4.561675695195868029e+05 2.400000000000000000e+01 -9.960120046565833036e+03
1.080000000000000000e+02 6.996866534815523773e+05 1.500000000000000000e+01 -2.909216927486124914e+05
2.900000000000000000e+01 1.679210210478834808e+06 6.000000000000000000e+00 -9.744770922528347000e+05
2.210000000000000000e+02 4.120054292817356327e+04 2.680000000000000000e+02 -9.687097079538099933e+03
1.390000000000000000e+02 1.572591381772940513e+06 5.000000000000000000e+00 -2.652195783891544677e+06
2.410000000000000000e+02 9.168895780426895944e+05 1.100000000000000000e+01 -8.122614584246682934e+05
2.360000000000000000e+02 1.524601821407982206e+05 7.200000000000000000e+01 -9.218121595278644236e+03
9.200000000000000000e+01 1.344317979336213320e+06 8.000000000000000000e+00 -6.518439243646175601e+04
3.200000000000000000e+01 5.497549910740193445e+05 1.900000000000000000e+01 -4.434609313527557533e+05
7.800000000000000000e+01 6.058716403693229222e+04 1.810000000000000000e+02 -5.240192953956281417e+04
2.020000000000000000e+02 7.973885838216923003e+04 1.380000000000000000e+02 -3.564117578128220339e+04
2.500000000000000000e+01 1.695178694064479554e+06 6.000000000000000000e+00 -5.147556918467744254e+05
1.770000000000000000e+02 6.279352999289749423e+05 1.700000000000000000e+01 -1.454454553027026122e+05
2.150000000000000000e+02 8.636094750776303699e+05 1.200000000000000000e+01 -1.010554005448970711e+05
1.300000000000000000e+01 2.792748194835426602e+03 3.957000000000000000e+03 -2.943401901682899734e+03
2.420000000000000000e+02 1.478292322475078283e+06 6.000000000000000000e+00 -9.564131487869634293e+05
2.520000000000000000e+02 7.033815193970525870e+05 1.500000000000000000e+01 -3.773034096446449985e+05
1.190000000000000000e+02 1.840635406672545942e+06 5.000000000000000000e+00 -1.557995009298696183e+06
2.430000000000000000e+02 1.385889133231507614e+06 7.000000000000000000e+00 -2.874992006589004304e+05
2.570000000000000000e+02 1.233183171115105972e+06 8.000000000000000000e+00 -1.172696687158991350e+06
2.670000000000000000e+02 3.241135329049187247e+06 3.000000000000000000e+00 -1.001881818285034969e+06
1.160000000000000000e+02 2.622898460073408205e+06 3.000000000000000000e+00 -2.840424031187546905e+06
2.340000000000000000e+02 2.460462433044453210e+05 4.400000000000000000e+01 -1.909941157195681008e+05
5.000000000000000000e+01 1.169534648068589595e+05 9.400000000000000000e+01 -1.485879247967345873e+04
9.400000000000000000e+01 9.055774173656366765e+05 1.000000000000000000e+01 -1.223323991651520133e+06
4.700000000000000000e+01 1.723011324488642393e+06 5.000000000000000000e+00 -9.151827402242706157e+05
4.800000000000000000e+01 1.790230758652404649e+06 5.000000000000000000e+00 -1.361706920426770346e+06
2.530000000000000000e+02 1.425198191560681676e+06 7.000000000000000000e+00 -2.877366830667176982e+05
1.550000000000000000e+02 5.958623391915066168e+05 1.700000000000000000e+01 -8.762899249288882129e+05
1.930000000000000000e+02 6.342889994598363992e+05 1.600000000000000000e+01 -2.863070837513540755e+05
2.700000000000000000e+01 8.564169075200703228e+05 1.200000000000000000e+01 -3.870711353881137911e+05
2.380000000000000000e+02 2.576321591366485809e+05 4.100000000000000000e+01 -3.337588966306928778e+05
